64100 76900 817
12608 38616
7355 43277
16812 64769
58231 48103
45430 28384
52000 62758
5687 8018
42179 2528
17802 60366
44599 61741
3710 64774
55443 19856
13279 55464
48379 68377
54841 13792
1485 73843
33976 73538
1266 67936
16040 65426
28182 64488
24865 18408
16144 13136
18854 60319
5914 22085
49067 57105
44880 22084
18590 63204
50851 31918
18949 22264
58282 42233
13466 51724
21703 1088
48689 10869
28067 57588
7606 263
38680 65435
57738 13067
37933 39281
24725 72287
38564 14139
6176 67792
50352 8477
43929 18008
60447 31090
4716 12930
28091 40640
36947 72833
49268 58679
2547 55009
11192 16497
47531 9805
33184 73596
5886 25913
45354 36854
12584 29696
41701 6173
49349 57247
59314 32608
24763 46059
1531 51204
9380 17691
31971 39084
9294 22906
22046 55366
47154 54955
38914 22184
58396 26475
106 11801
10199 63561
10902 60962
7357 21966
59712 33121
16208 62698
14870 57597
14498 15735
23819 9713
729 45716
38986 41928
38864 56208
8696 45067
32321 61584
23606 41439
56943 17290
36290 72527
41548 34616
937 19503
19896 13408
50627 37432
18474 66421
55210 28265
48478 66992
16911 61618
61566 45631
18486 9272
55736 62569
44908 45387
53543 58218
45466 38452
41023 29698
55920 3348
50189 40686
36176 56928
14251 28358
14738 7025
21650 17404
43786 62826
2175 42716
23032 53548
19491 53390
30779 48565
50107 48619
39116 35174
50923 5185
16776 72600
34438 14123
40416 62783
44330 75279
2566 38135
13364 13800
20578 49140
7407 24151
62196 51725
44972 10070
3536 22267
38167 6030
59121 25685
36280 39892
1070 10647
14119 48645
16946 8273
53605 15541
38066 31608
22093 4243
41281 53794
57621 68473
42426 61582
30414 69712
158 8504
15177 18178
25027 4256
9742 9790
47239 10350
3802 18190
38769 65408
44288 39394
17044 10967
6283 11298
45688 21250
1052 11192
15380 21321
37687 43484
41164 34051
36818 22761
44519 6181
22814 70118
51577 32875
7896 1551
36222 75278
52210 15406
39520 34248
45884 69252
8871 63839
19778 29516
60707 66337
11381 35886
3745 60936
6766 15926
10449 36646
8366 21331
44380 68556
10622 58140
20755 54090
2217 54758
51067 12342
24608 13715
40967 60520
56114 74861
35696 2767
3464 49064
17031 74717
49653 44465
11615 29282
39778 991
856 40630
30112 25004
33680 55705
26468 57985
7303 2650
5225 36472
62027 17468
22975 19384
20078 68971
49021 744
61321 21579
10173 75702
31222 20331
2343 12745
10267 8155
25728 41783
59156 28167
35317 35843
49056 19922
16136 41771
57027 42908
52154 24814
58324 47876
31738 60583
62172 15130
60765 27515
11000 49234
59478 49261
50010 39078
28153 55864
29094 47915
37232 67377
34873 14865
63288 12999
11199 33571
11010 26527
33081 3009
28657 60456
26383 33306
33197 39404
47031 31861
7578 20107
37728 61053
18660 45667
26983 67476
63654 43088
26419 71915
54442 24218
48183 44521
53454 53363
57984 8143
35642 60566
4239 76177
19040 12448
9311 2472
29550 50136
48424 53460
32680 64861
58342 46623
33181 58467
43949 66823
13929 4992
12898 2860
6796 65722
10008 42003
62969 57223
22367 12137
56428 53397
23616 29075
9245 44820
42481 56229
31125 13755
43989 30177
61186 45184
4581 20877
51155 7861
15601 53896
51843 2444
6258 74953
53355 52452
80 8889
36545 59261
50729 33603
30217 48406
18555 20323
2090 38418
18088 12652
63194 67211
23446 22536
61499 53911
40906 31337
6868 55597
48036 57395
47051 14071
6251 25243
53246 10866
12121 18724
11915 34194
62783 71037
4208 48999
11971 3782
22354 62161
16738 43147
3048 20928
7591 24444
25174 29808
42303 34864
59435 12231
11253 8392
36533 4695
18549 41393
9962 22260
27440 43049
35816 61028
18637 10183
14385 68428
52582 3035
15914 24798
45835 26501
45883 13549
27253 19740
9879 42678
61869 71255
56029 65398
56338 68765
22507 54015
23643 43081
3816 11208
25821 9635
44972 44607
38445 63527
29377 74396
9209 40425
8114 3666
25003 26615
46485 4526
60767 74364
51548 4403
31681 26532
34684 73143
25632 38735
37833 59231
47440 47697
13356 5238
51671 36173
12711 22987
12187 69012
6015 56416
13981 26974
53753 33009
45459 43717
55862 26733
29900 2691
29748 13738
34497 9473
3831 44197
60352 55560
28317 13649
7259 40243
5755 11300
21802 68683
58099 67525
5814 61440
42215 61368
4374 49667
6083 51621
19212 6580
33493 46351
63133 71235
60940 7131
15072 53110
41727 47646
31712 60494
16891 15551
19257 44311
15064 14160
18467 73464
10534 11771
4379 57963
57593 48203
30475 43569
55473 6095
40719 37790
51605 11784
35084 4690
63910 50200
20584 63783
45611 43560
38241 30452
27628 70542
26567 33827
28482 41375
56779 46721
49522 52731
27154 72266
16676 1775
1182 36274
38386 34771
23268 44611
24360 6357
56418 31763
22564 48909
7711 193
40330 29143
56156 22462
31594 11055
43292 8664
46651 36439
44242 36941
852 5893
30228 2611
21432 50140
34814 70296
6027 2010
20285 46663
8125 64332
48143 42232
60579 21127
52941 5420
59026 60824
39483 62528
280 45513
24797 11295
59262 63773
48935 2248
35901 3512
35908 18151
56744 51045
47460 25707
31568 4090
32772 26288
19039 25718
3577 60258
63302 3533
31153 60657
11640 8655
40405 19665
57238 23810
27981 5739
52678 64587
19808 7957
11418 1880
57436 35715
53512 65616
13799 50823
5166 22469
50141 16026
46304 36586
32926 42719
56247 28040
28955 50183
25779 57967
8226 54196
26321 20943
37671 28749
6231 4558
51699 30343
22570 31513
5577 63883
34816 68150
22749 76338
30838 75260
10882 26784
17702 14188
52340 10417
31128 22150
42593 21138
6086 7536
50287 35034
51760 74243
10995 32071
2417 63231
23413 29932
42586 49519
20273 44079
10795 7301
23167 12343
56482 5737
13434 18387
27829 23048
29590 953
55698 7825
32243 36042
49968 26576
63546 50232
40858 42623
836 73136
44894 64055
5589 7820
55778 48766
46944 44725
28585 56942
12971 2505
2701 51667
23052 36522
5050 68533
56925 9663
16369 57174
9033 60074
9477 540
3900 8568
6460 76647
9127 21490
17129 30925
14910 31326
30225 36066
53956 45112
27959 61181
36063 57624
57459 2813
30514 20855
51236 62608
50188 18785
21851 24492
5081 69676
24166 74404
55429 7553
45765 16419
21172 39626
22240 18010
43708 72109
29620 60860
8053 47588
61983 39736
9657 73768
15206 48940
38238 51165
43783 48178
4830 35140
23775 42095
35999 66121
47575 5472
4531 29937
48914 6583
63668 53783
18452 51910
60146 11544
45683 18562
60205 18797
15710 37298
18691 76394
11604 15735
23659 8824
59728 9319
22130 38236
16258 23323
49185 6665
3579 29999
23033 46782
54945 55216
44988 7419
22324 33122
47796 74523
43932 5151
17836 15566
11540 5920
47618 51055
14775 47459
15342 7156
41347 35023
31170 30743
37321 74328
22373 2893
36570 76633
15422 57966
53064 68412
6684 11107
10268 55936
25756 7854
55716 71228
49595 27170
29078 1040
40307 36940
30066 3867
26799 57966
48198 6487
27933 21196
37954 32434
12256 27892
34341 38788
4459 14291
7965 40899
28596 38621
5260 57144
13077 40263
25346 602
53004 14844
180 13077
29251 20714
4536 16987
35039 6465
37897 48787
1818 3669
17414 36563
51096 31152
53880 26710
31714 29481
52623 14500
37934 17931
22171 14064
12247 8317
63896 25556
10926 59079
3136 13446
10631 28087
40597 43628
7343 27719
50964 48769
21848 220
49983 18371
60014 16935
5864 62351
16111 44644
10396 34617
60351 5104
38438 15065
57019 43011
18543 63939
32641 7369
42573 10625
1959 71707
30220 13543
10378 75300
46038 75500
41013 45334
60812 34029
12032 20182
38250 32983
22334 54571
18209 42206
11106 27365
56612 75706
14009 2639
49270 4065
6542 23902
8885 6751
8356 41924
16577 23262
52776 39033
14536 36865
64095 66724
43296 54975
15968 61839
38701 75934
36935 13493
38204 63978
43983 1888
32194 59958
28710 53630
25307 644
59537 15621
42336 14891
40470 4095
14205 56181
6659 40631
1686 18595
38549 53065
50099 47848
53703 52675
43293 63773
6047 76344
25606 62019
15347 70152
28277 63784
63939 36783
54246 36279
47755 8042
64003 56972
58940 42024
27312 32730
14 10852
63170 68947
61151 51102
4078 35805
36717 59738
55855 25798
48222 71694
7327 50277
60427 10662
11249 37179
39922 66143
55679 69547
8549 20956
54282 19915
17214 71268
3404 60458
55173 56627
2721 36055
25389 42057
61776 68424
14661 9664
2980 56510
43494 20787
20341 46865
19553 35191
25273 62027
54484 27474
8181 68040
46257 3647
48749 34500
16393 45751
55407 69319
48729 1404
41659 29021
59486 44425
48784 13799
40150 20462
16410 14361
4363 39034
38725 61130
6239 59197
17475 10097
45970 16738
46085 60828
54473 14056
39337 28089
61678 76619
30691 70527
15901 29082
38776 35275
35583 44857
26940 29608
24592 8005
661 50328
44234 57952
23710 29623
14249 39776
20658 53352
60251 47161
14325 4218
3817 22458
25953 15897
52232 17582
9449 24040
25736 21723
8973 43528
2838 29797
34995 32404
37306 66817
20423 19857
8517 69914
19709 17737
18111 38189
27335 10463
18743 22755
28383 64797
25268 1994
12832 2153
50054 55423
55686 73576
43485 55014
50784 2666
27622 66591
44807 42601
27863 41091
48817 10220
453 60305
12561 74003
14520 41386
4512 23152
43756 50827
63086 65715
21835 33529
57664 70953
6225 19469
47401 33116
50142 1587
812 20322
53113 56832
10301 19991
38103 24984
4053 51764
50116 63766
3627 73081
35264 72381
12422 41792
34009 19564
63658 59645
11772 1913
43625 74125
14823 7846
30106 1190
38954 19356
36777 63143
39878 5156
6879 64378
48728 74275
19360 16368
15992 34532
44812 14961
20151 26481
63006 63367
3368 5845
11039 44291
10428 28801
29092 9851
30504 38815
39043 39502
15304 52015
10052 49323
54469 31493
25374 68365
27688 34815
47259 25041
57079 75013
22333 39018
53832 47447
9790 23979
49133 66674
3794 34291
27602 55267
34718 13719
13318 41586
40704 59638
2718 18843
11584 21183
8539 51621
16841 59596
35131 65699
11705 54245
12460 48626
3793 55581
10703 56255
29312 3029
26148 63495
35802 4864
8766 10226
58231 60334
58273 42759
6370 6951
53207 7283
17439 12887
62659 46641
39774 49401
