8800 11300 611
3804 2047
1092 6591
110 6573
4482 3644
3634 10058
8653 1185
1479 2672
2673 1648
3261 5031
3496 2520
3966 5825
2007 2056
7586 4569
4385 8470
4081 943
3603 8535
3237 795
630 10399
147 10325
672 5434
7248 3271
553 8358
5032 7371
818 8046
5748 1304
5612 8310
4892 5838
8118 955
7367 10538
4326 6787
2968 4765
8736 2792
676 10159
5044 9245
6168 8335
2320 6372
5435 9568
7964 8719
7224 5049
1231 2038
6064 5880
7206 10668
2228 57
3699 3404
1014 10885
6124 4470
7405 2680
4367 5453
4577 3800
1065 9619
8685 8777
1971 8002
4143 6612
3175 10000
4625 9159
2306 1737
3925 974
1098 213
775 5108
8218 6580
7665 6426
7299 2307
124 7624
4244 8267
4605 8095
5419 7444
2161 8921
6629 5509
586 8750
4322 6314
2108 6812
1434 8507
7047 403
273 6883
4117 10834
3392 10623
1916 1618
4817 640
6915 902
3801 2772
7582 6298
5868 1204
5759 9223
7573 4916
4539 5540
7649 4457
1441 2630
1447 7063
128 2242
6264 9571
6641 9059
710 1259
8038 4847
799 1879
5996 7835
2103 187
8529 3883
3647 8809
3252 3944
6287 1359
6040 2376
1058 2327
8424 6467
2858 9686
5316 7935
8136 3010
6372 1698
5435 6088
4000 1876
2087 5250
5821 6965
3312 8308
4997 7490
3444 6816
2264 9717
190 3018
2398 4971
1091 9257
8796 8445
4700 3010
5536 5714
3434 10469
5777 6404
4991 1249
393 9712
7298 6268
1270 8337
1112 7900
873 8334
6622 6890
2856 2186
6701 2503
2118 1144
1362 2511
5934 3096
2455 3401
8196 539
1438 2183
878 1595
4494 1404
5180 7985
7297 6239
188 357
837 1389
5762 10901
169 3803
2256 322
7878 9213
1964 6347
6189 1936
314 1780
4966 236
4825 670
8190 5966
4097 4550
2175 1794
2325 4204
5479 7319
5214 2650
1436 4346
3164 10043
3636 536
752 6832
3169 4581
7496 1166
5476 5771
1609 8529
2263 2569
110 3156
113 5936
3984 3621
2618 5244
5741 1770
1670 3058
7877 6611
1254 7372
2076 4876
3152 10120
4627 7804
6672 9931
426 2996
8650 6583
7738 9907
3868 9686
617 4177
3471 5450
5388 4769
3985 6619
2827 2915
4961 3467
5399 1470
3767 1379
7539 8119
1529 4696
3919 8266
5568 7139
2175 2496
1060 8982
1859 450
4206 143
8172 10857
3656 4169
6214 8580
8165 7019
5237 6198
5920 7720
5630 11247
4631 8341
988 4541
2856 8792
519 9151
1093 8309
3644 9609
633 7854
2823 3825
2129 3531
8511 2938
2756 7381
2007 9237
7530 9382
7960 6529
1341 10865
8010 2174
4264 3842
4180 9135
7616 5466
7245 5656
8547 8062
7217 8599
4044 2849
8072 1571
1055 7408
8637 4423
6101 1255
7644 7805
3577 248
251 10284
2547 10646
2735 8443
3993 8188
8029 1777
6632 384
8297 3788
2454 5793
3942 9975
3549 3192
5329 8161
6809 271
8354 10551
2629 7933
1627 7843
4146 3205
5463 3758
6471 3918
1926 1500
2841 6146
4765 6446
757 4275
5978 3624
4144 4298
8625 2328
7779 3615
1142 6345
4383 9779
4954 10782
2844 2671
4933 1968
2033 8119
6888 7986
2426 10658
7767 4949
1653 6143
3415 10255
3477 10680
4383 3360
6158 3425
2390 4407
5367 7856
6041 3881
30 3863
6328 10235
5478 2228
2161 9009
1084 9654
4706 268
5652 11200
5151 9667
7370 2785
4517 1627
8013 3914
7538 458
351 2362
3580 1941
922 1155
5645 3533
6876 19
933 8289
6505 8632
4784 244
8343 3593
6199 3862
1498 4632
5645 6986
2775 10618
2550 8683
4287 9357
3643 5370
2372 93
8205 765
1321 4803
273 5517
5421 8566
5199 4049
5496 11066
8054 11220
4411 9851
5135 8609
6933 8096
4987 4011
326 5328
2566 7925
4784 9707
1849 6753
7058 11040
4503 336
2891 701
1326 2395
4181 8195
8021 6540
695 4975
7825 4425
1491 1603
7933 10325
6184 5797
5487 1669
1075 4419
3407 3272
6294 2089
4415 3001
8689 8983
4059 4802
8096 2905
7699 7190
8419 4048
1880 9190
5438 9953
4975 2103
7597 172
2395 7489
5524 8340
1678 6588
7246 1825
4791 6514
3901 413
3752 9937
4048 2657
8682 8409
5789 10943
4320 3002
274 7819
2384 8620
4026 5734
7768 7086
4218 8441
7381 9963
2732 7294
7562 9048
2862 7817
3205 10800
6921 7985
5673 2896
5270 8126
4342 2539
2037 2753
3087 8084
1599 8787
3748 8021
2435 9050
8213 7759
7681 5630
1127 1690
7513 5819
7128 8377
7019 2952
1040 8430
3516 6896
3989 6663
3047 9992
408 2216
3942 7864
5994 8617
2758 5335
7561 5639
8122 4646
2814 9520
377 3243
5521 7191
1297 1535
5785 1384
1776 420
1368 6698
5934 8867
516 4002
8717 5318
2314 1026
263 1400
4240 10519
4247 3437
3635 10627
6977 2241
6823 2804
8574 1369
6742 6597
5999 3635
6257 8494
3483 900
6501 6217
939 733
2792 10392
5863 1788
4898 2359
4982 10296
1328 9750
8782 8456
2655 6491
6656 11214
8706 6682
6622 5331
8770 6969
1501 1845
8572 8498
5606 10384
4533 8975
6911 9729
681 3237
2835 537
7654 3468
582 11032
1629 8814
152 3778
3964 8260
7360 6204
6082 8553
6565 3774
1730 6187
1341 7204
1257 1455
3311 7347
7821 2940
4700 11236
3313 309
6288 2347
5652 1122
4314 648
7229 421
4581 3860
4164 3469
2953 4995
703 4476
4982 9867
3087 1778
6683 4020
1575 1958
4470 7975
4729 37
7804 423
4391 6471
1741 9873
1728 4218
3513 5638
5382 1382
4942 3211
1036 1716
3804 11230
4467 2630
3559 5877
3705 5814
4063 9553
472 7970
8495 107
2126 10930
5696 5777
4416 9768
6624 281
2316 6007
2345 1361
6592 6859
834 3671
3996 8925
5196 1326
6417 5582
2749 287
2947 2120
7768 5264
3149 4584
2619 5587
3431 5524
3511 8774
484 5523
3731 1149
2061 7613
125 3925
7864 1517
5931 8200
7799 11280
1961 9569
8384 5767
854 10404
3636 6704
201 8999
6486 7679
6639 9050
8264 21
1225 5362
4075 10043
1644 1731
975 10114
5517 8730
2532 2148
3192 3692
752 7374
2688 1789
6441 1647
7806 803
2287 11156
5282 6559
2091 7871
3906 4495
7718 7580
4145 10736
7861 8571
1705 3732
4930 10044
6450 6801
6795 3932
2070 5845
3264 6200
855 10072
7939 6309
6395 5784
4770 7200
7480 10117
2737 4326
1063 8765
1654 2825
6167 9939
2934 2506
1705 8672
6582 278
907 8552
8154 8339
6249 1030
6593 5548
4543 10312
3838 2831
4175 6183
1733 5529
7410 9296
809 957
1128 2454
5907 10452
177 5657
5513 6334
8003 9249
2636 1976
2086 4782
131 3785
6604 2589
3242 6409
1138 6834
4938 5046
1220 10588
7182 5336
3768 3567
7721 2274
6731 7843
6793 7155
4823 9061
1780 7299
5564 9064
3253 10869
5117 7357
975 3838
8657 5220
1801 2141
7597 4162
996 8697
856 2329
8673 5633
649 1482
8287 3918
199 6409
1406 10258
7988 5894
3988 8703
1707 7689
1636 4656
2691 1894
8639 8112
3602 1424
773 4583
7091 6063
4667 10028
5204 2965
4440 8785
2012 5053
6560 4450
1688 8838
6090 3062
8720 8695
5974 3260
