1000 2300 447
662 305
522 1221
540 1008
741 413
421 525
410 601
526 2151
16 1082
476 859
986 1099
899 2174
913 1893
676 504
607 1841
535 2246
730 33
346 1335
628 1844
503 650
5 2039
906 2048
254 1190
256 571
958 677
935 1788
940 1413
11 1256
240 713
68 2271
856 1809
7 1143
765 1959
512 776
950 249
409 1707
108 1273
153 156
590 994
767 627
85 792
685 1553
895 2053
953 623
98 1897
291 485
992 1302
766 559
342 1378
130 1619
525 931
939 909
986 1214
757 1800
717 1066
214 478
669 1725
894 865
460 2197
171 1315
425 1678
426 107
128 2251
353 2284
727 874
102 332
780 1140
116 555
764 229
557 838
429 1167
584 398
426 123
958 711
313 1003
696 468
788 911
340 1261
437 1460
649 1129
750 1394
509 1446
869 1537
213 2158
299 2002
316 36
277 647
41 247
142 1136
849 459
520 755
62 1952
783 896
688 1401
59 2013
751 44
981 698
662 2090
643 1379
937 1394
20 772
756 786
573 1453
307 1163
483 1632
478 1652
181 2258
33 2231
104 696
48 1430
873 1480
807 361
62 177
615 1631
285 868
665 1219
480 1294
987 1719
951 1392
696 2145
457 1069
633 389
144 922
283 2162
49 702
181 235
533 1719
858 2176
16 1896
912 2294
426 2062
383 1406
203 1296
451 475
878 810
631 101
347 1689
204 1001
765 1703
269 1458
314 245
936 1513
268 2089
412 1596
948 366
85 1925
842 2125
289 992
196 1227
711 1420
820 1997
572 1736
980 1818
971 187
528 1880
755 1091
434 1410
883 765
753 1115
360 929
37 1603
578 48
650 1645
807 918
241 307
863 617
472 975
86 1261
912 54
832 1099
713 2247
466 683
813 260
169 1014
453 215
298 2186
70 1314
997 1537
695 1026
496 1765
720 999
471 1310
274 725
877 471
718 340
929 1166
685 288
903 717
745 2157
951 1086
445 949
474 1336
203 2181
370 443
159 411
646 855
651 93
109 609
245 1503
771 25
565 1246
585 1741
879 1155
590 850
529 283
250 181
261 135
641 1216
806 1244
672 1329
402 1958
391 44
34 1693
127 998
766 1913
689 1485
403 166
292 1867
224 1365
100 1907
134 454
539 673
310 79
957 677
185 2167
53 1389
525 1576
863 370
32 493
609 1522
165 1701
331 1862
709 1529
54 2142
748 462
134 928
212 414
941 610
525 1147
734 764
918 1729
951 2108
133 724
131 955
518 1786
467 661
635 1926
96 593
313 1230
963 1174
35 1706
27 492
428 1313
567 1749
639 2059
516 893
372 1632
894 2027
432 1678
757 2231
712 1768
732 1687
720 1261
6 1356
218 2158
874 825
636 2237
894 2110
92 1260
871 1101
990 901
994 666
970 1277
867 1018
384 2044
779 707
14 1363
35 2125
206 61
891 1380
189 1332
860 691
684 1211
482 1117
564 696
537 2151
597 1099
977 1052
554 1225
753 1237
332 34
252 2163
86 404
607 1506
429 1994
740 816
694 1040
285 701
703 1876
667 676
311 1157
794 402
254 588
472 236
557 357
733 2093
782 1493
188 1612
473 1440
780 1399
402 1293
942 902
708 2217
472 255
842 1425
950 1675
725 1909
343 1817
108 765
249 519
505 302
966 2043
725 2195
392 1563
197 1732
906 793
130 682
77 2158
354 2134
280 740
679 1317
485 858
121 1990
85 1261
498 1448
978 328
43 1233
412 1651
991 2285
96 810
736 345
120 504
240 1570
567 594
465 1162
467 864
897 1801
259 2111
113 486
31 1294
196 447
74 1343
327 1192
587 1709
117 1958
673 1360
196 1625
676 62
697 2130
134 1222
198 1204
223 580
337 2034
943 1199
48 18
159 2139
839 1534
991 207
387 1258
197 1538
605 270
245 1903
442 116
192 572
521 43
533 1778
467 79
235 1284
901 1977
115 1923
990 951
300 689
531 960
251 1388
606 652
529 1050
831 1994
375 1803
331 2298
241 901
565 1365
101 198
170 70
818 139
708 1461
906 428
922 799
475 451
159 286
607 40
149 524
269 2266
720 275
269 1752
198 1113
368 1260
657 1819
422 2183
338 1652
658 722
89 710
38 1529
87 98
796 65
722 1859
381 1504
3 377
98 495
40 2279
538 465
368 957
810 1824
804 1920
228 1527
315 2073
96 1354
507 395
636 118
822 1540
321 1474
663 1569
67 621
239 1220
838 207
844 716
404 1157
296 1176
387 1350
549 800
628 1430
909 2262
84 452
529 1928
256 581
771 2148
244 620
816 1428
369 873
