84100 96900 997
64106 56892
26967 71770
15660 89213
76110 47174
64737 11489
38541 19087
947 60512
81652 8783
39192 40465
73724 69855
76427 34995
77193 4314
45003 88042
22178 56908
27036 81199
32302 17403
40723 22926
66324 21055
62719 13148
19430 4088
33384 46704
45356 26778
39531 8474
78188 5731
26969 39431
49168 4661
61484 85231
60635 67497
34624 5753
9814 24265
29397 27496
14944 52642
23121 38771
26941 80345
26132 79423
54375 76177
36120 30820
60066 21011
62594 20043
42717 72064
31029 96260
8986 54320
73741 18185
9288 57855
24966 79562
75486 65154
5604 82355
14856 88149
33106 42171
32130 66395
58956 75753
30521 93080
1605 19491
40403 82083
14388 72069
53169 3110
59994 55344
26996 52869
27337 53035
78144 41287
76478 7182
33565 11680
67358 83231
26456 31464
64611 47517
30381 7362
45174 4549
55755 73048
44587 67020
4799 55782
63291 82582
65408 3022
13676 58206
35110 76126
63958 60967
36204 1605
7571 67909
21389 50222
78916 70326
18455 56654
51133 74256
32445 1664
3985 59439
70223 69188
62028 72241
16285 68319
51687 27451
56300 15548
26178 13800
11401 53196
14602 34080
79977 50507
52829 75491
65877 50896
65745 48259
45555 11609
31013 42341
31509 74971
63162 46750
79847 63718
13727 13253
56583 54578
24474 50518
9708 26225
5057 84791
21910 93037
51384 49982
36855 85024
49315 31928
70786 39136
12417 44397
40508 69668
39719 8311
28006 39182
65654 89354
79398 71421
55639 67052
55394 29980
42494 89669
70420 51655
66276 17750
30120 87356
84003 42050
14579 37070
64445 69806
30024 51825
80727 57647
55485 64447
7513 62436
19897 60612
65164 38813
73230 66672
61189 41062
6210 39121
23965 21844
56033 95208
73366 10147
40416 63939
32914 61662
3524 12184
5779 18267
64805 33268
82343 15825
56048 44143
49387 88785
34929 39387
13207 32997
13223 13664
12901 59812
69305 62606
57350 5210
34586 767
53886 92406
6 89533
81650 14852
6795 50380
68349 33948
37058 93180
60680 54572
8407 6673
68789 96424
29355 11471
48348 39112
8396 72045
6779 31229
41285 57598
19368 57848
46649 52005
37043 55804
51553 55072
35293 9585
38801 38145
25999 16644
76948 4688
39417 84478
10488 31876
44252 49096
67096 71021
9973 29310
80125 4330
18459 35529
52433 26938
77067 91274
11070 49220
60080 73233
3971 60623
23779 72605
48793 28661
7211 79667
37327 22197
2055 70288
81193 40023
42694 66138
21120 67854
70865 31452
71294 45475
30206 20336
37115 82021
30365 26601
467 35542
24796 51225
63915 4068
77007 12977
55831 27460
75066 36711
71317 70335
419 61252
54979 83537
52753 91709
76651 95410
15806 88175
52972 41423
78588 2554
6534 33327
34883 22139
81377 24410
83411 15580
29494 64821
38252 12156
83995 32074
43539 86477
3519 87991
71569 52451
56988 79389
80146 5200
58101 2026
73438 53460
13081 12917
69395 84031
24402 86508
62538 85714
16619 61954
29715 74769
15474 2174
29703 79215
7796 11050
39010 62331
75546 95631
39445 72876
29186 41924
48595 22586
83855 10352
35188 20835
7910 84661
20342 20186
18433 14887
12002 90937
20684 95468
61229 13935
66326 81480
32348 79082
23034 51758
10364 44065
46019 23837
51328 14090
48607 36862
7199 30837
15894 70218
53185 41923
66217 67627
68792 93874
39152 6836
80895 93221
69879 61321
41948 64534
64049 49826
11618 20103
74889 43107
16616 22392
36076 89683
35097 80854
9562 29853
54385 10648
9242 47327
20824 94709
32671 6873
18136 90173
31985 36425
26326 69360
21857 13402
57828 30348
76045 75073
59914 58992
84001 23553
25683 18620
43911 56854
75482 56785
40412 62048
27617 41111
3247 1225
60873 40662
76101 34106
35284 12331
53689 5934
49146 44873
61873 17780
74161 12379
66333 9975
54121 84773
43241 24657
82186 38615
28629 30453
60104 11558
20200 52075
8608 86540
50714 28485
8342 64107
27694 30076
42348 25276
55289 23978
36755 59125
64153 66981
72467 70400
74001 3751
17737 45690
35209 15410
70419 69909
66821 22600
54488 76497
51602 30044
30732 25849
23361 79336
52534 24335
31678 39172
23020 13548
75285 81121
79800 50499
71941 13039
16718 26132
36481 5567
53258 1277
79079 39277
67520 66136
74315 28458
7215 9660
81940 59743
30419 57073
76157 21248
79328 2833
61131 65502
22034 84555
30995 69795
49956 17530
21393 54125
6951 56038
17078 90423
83803 24681
5580 35801
44863 13867
80350 59575
25833 53201
67570 31314
8344 44275
69501 75038
30853 39551
8409 63835
44028 65558
17846 36426
25543 73611
4349 56113
15255 30931
38812 84085
58628 72428
80707 53142
42701 57008
38490 23981
36873 93914
29865 9788
1202 50452
14127 7447
43830 5332
50288 32627
14050 55768
68662 38483
37309 41587
5231 35649
83578 26187
44236 62018
67788 39146
74851 36880
55107 68260
8126 74673
64900 51492
80030 92578
48393 65304
2752 64105
5278 24546
69922 77244
17593 31946
37241 4441
26003 35432
60320 57214
1491 32778
4162 37453
13016 42825
22210 26056
26967 37611
28734 14474
11800 4380
59206 31353
59642 45163
55769 51820
8191 87693
26370 30220
83622 13987
7380 27763
76684 63540
64950 49790
50128 32725
38239 37275
36174 22992
20408 10155
49305 7695
67111 93295
62956 59241
58671 10144
24937 64149
79188 37501
4304 67302
42273 45115
4648 31003
31081 81955
9671 50284
18438 27496
63993 50151
12129 63412
19231 71586
6983 79496
21664 3901
78535 40701
68378 87005
26783 65318
2326 36561
82562 605
21259 29300
55142 30764
907 61057
59982 63016
1534 65565
56118 15855
57686 87123
26926 62557
76965 81602
32939 69843
65098 26500
1238 25028
46648 42007
60428 90017
22944 55520
31245 12177
52831 48465
34418 7317
27584 84996
81100 3817
33149 48134
27080 54402
40496 76515
61744 79793
61081 90577
8673 41147
83108 57059
77292 42854
57394 87100
16159 36514
63375 91491
48967 27795
68574 1050
55369 32883
72395 27585
47161 54737
9116 6044
37155 36462
20624 68542
48492 6869
19290 69838
77040 56293
82787 7193
8429 4853
65250 22298
78248 4367
59097 47902
47822 56014
51911 68166
51920 88419
3267 619
80849 40195
39442 35566
2966 17144
81587 5034
27881 7086
46686 43344
9258 87671
34840 89248
35795 57409
19592 83978
59751 68927
43388 5614
59470 38672
53104 96513
46920 3408
54431 81855
36973 45687
19817 90357
37553 60625
15997 76041
74504 55934
60789 87340
60491 70026
24756 89449
53822 72972
6725 25756
55695 53536
77427 38115
6367 64056
70630 84207
22751 52920
70258 79768
13757 83275
60504 47022
66364 14567
45247 3310
54564 65912
73535 80249
36299 42026
6809 37277
37802 27063
64321 56169
71045 44344
28194 41625
31611 18981
23802 48566
34384 12439
1853 33591
19837 50102
17539 24308
71173 23117
59529 76822
59587 24645
49297 1946
8195 82049
41503 67170
40813 38858
1478 59771
30174 49947
3342 61085
56278 93649
6365 21066
32415 42232
13406 78880
82676 85964
68543 22926
9655 79103
67400 40251
58884 67225
22243 88377
26668 48261
51968 5586
48405 51530
57688 22011
69662 58613
61298 52311
45547 70453
82629 85959
1093 53089
35981 80186
41818 85973
49767 2639
72853 63205
53259 65256
49424 13178
19368 17751
40254 5826
3578 27763
51168 49246
25644 91275
32948 83848
79251 71323
7807 92685
52272 93433
16773 88631
36055 91784
39195 72098
49876 20799
32920 82490
36367 67817
37901 26379
36777 69177
72906 25455
32389 72335
62981 35441
51823 24209
78189 63855
48238 74526
72410 82824
40207 38262
25865 66227
69585 54636
15965 7838
61372 37279
67115 45348
10467 70943
12373 84081
35724 42805
48986 83126
27960 49854
56816 44956
239 12254
62304 59233
10194 42173
26201 40820
19479 95349
40141 54944
20860 6787
9194 25431
59291 79048
37303 92871
71925 77120
21551 78716
57202 63123
64426 92358
64611 75182
14302 96280
27096 93586
32896 14999
44235 63453
18626 26140
26193 7944
30358 76914
45846 85700
64623 93169
24163 18171
39256 42316
11313 27874
30373 78245
78499 76694
23266 1183
29869 77673
42963 10715
79761 60789
59374 53243
1578 56210
70144 9066
70898 352
10524 39591
41101 44070
39859 3878
36072 48587
2425 76347
55815 45173
4880 6272
46781 56235
71187 44166
52178 57395
65582 91632
41545 4486
43507 90889
51414 51333
82765 88152
17849 87096
67807 44132
63036 28301
12199 91390
20365 67777
54131 10876
16445 10290
54920 52504
35778 88995
9629 73715
5330 33827
20086 66421
39704 70415
26762 43107
23173 75046
16577 3512
9838 16351
40255 42904
25407 76728
50088 22262
58272 1512
30922 27295
78727 79393
4202 76937
27001 88614
27063 34896
63256 38490
76791 40787
44911 80565
55980 51160
63011 93493
64938 2753
67658 34946
76281 69290
61240 51979
1175 4836
7072 85843
57681 28140
34841 64140
45668 49964
3630 4375
222 52245
11139 10098
78857 57471
3884 47808
23166 43385
15113 20127
44045 43008
53070 72427
10503 28445
81173 46077
43920 86226
8281 16292
44610 93442
68417 94880
69584 30046
47831 85461
18139 78044
54723 61863
74780 6789
63432 19314
83317 53438
64449 43372
83206 63833
28520 57321
38276 86831
32851 57559
37234 77162
57592 56098
64857 3313
16331 87585
50683 83034
8666 26292
26765 11261
29516 69550
64439 14016
45936 39132
37757 39091
24313 95855
27566 84915
44023 36888
31204 52887
5145 25746
42695 86811
56721 93557
34068 19436
46835 25709
38330 48937
13395 41378
43630 56114
49272 93252
36248 92442
14831 29176
70704 55649
76402 71057
58186 31124
64071 14731
57731 55299
48282 59026
21554 69163
29750 21323
73360 30429
62226 25063
24566 90435
25289 4927
10949 22797
64785 64555
69425 63609
69844 27604
83593 16745
29017 23057
57535 73290
17171 6653
76517 59634
33170 94587
42929 22818
71387 31133
79802 15132
9714 47444
56077 25498
54133 36421
67585 96168
20483 39064
76079 13174
82569 5504
10909 90921
83790 76570
56855 7856
6651 36692
13790 21813
76769 76476
58014 72697
68184 16564
39610 23270
67158 5307
4802 84758
18415 63105
5636 54483
8375 42696
49325 3406
44290 16938
7277 61488
34979 24385
62697 3399
58036 65284
72694 75739
38190 3333
9278 24796
5112 34059
37758 63070
60145 68833
57157 4527
24658 75750
25457 82905
41046 2083
34347 37421
67007 40502
8150 68184
67862 3315
66987 74446
79617 82175
70137 93477
27029 91028
11292 7452
18925 91917
44322 70150
17668 91735
17521 26791
26941 53331
38107 54764
72002 58170
23969 68358
51049 49662
16940 59659
83920 43586
45002 78376
24279 59464
65271 69226
22947 42099
66571 96071
22977 30643
11289 86108
14626 27785
49308 96566
76305 26977
51850 45257
38699 65008
77031 3820
45334 37228
74752 93875
32011 52475
71561 41863
73168 72038
45789 30484
14892 40638
56007 31964
77470 29738
81625 33305
8235 41758
6543 16489
34469 48507
3986 89797
28640 58452
3428 83407
347 10481
37016 69144
55952 76890
53552 26136
61709 49274
15403 94637
66663 8855
83436 78269
55196 34951
71612 75979
41520 48015
61270 56189
2739 45859
20951 68324
56389 66208
65972 447
50630 66572
65799 57086
61299 16206
32062 90421
3794 60179
32093 12859
22075 63471
43115 60822
17455 23662
536 26398
38936 25789
19226 28135
78147 7859
12546 63736
2827 687
44137 2199
48689 87021
60769 68217
6254 39927
74605 1621
50796 40508
74707 51749
12550 5910
3395 62478
1088 5737
67122 4555
8531 29099
60767 46242
36288 77927
43585 1876
51386 96843
21773 63257
54060 75344
54832 6110
21080 91271
42550 45502
50790 4787
69512 25816
71579 40495
63931 50950
83377 36943
19514 89970
26547 49631
12869 34961
42622 94108
3816 61584
70845 4264
23976 33325
29938 77081
20074 73062
12926 33189
77465 29192
1110 40510
47068 17565
16582 61277
84098 23625
56911 26521
59015 18697
21457 58070
27367 60204
72599 75098
40992 48347
20908 567
81777 62922
68935 14040
42137 24454
26314 34741
10344 55880
21950 41001
15400 1311
20175 72804
34750 48755
65469 87885
70683 68642
79468 68536
10367 78969
80284 6194
70488 56369
12257 83710
13110 60505
83978 31795
2271 6735
16920 17016
55641 20793
6732 58065
26673 37291
57898 74065
41056 7647
57869 37222
21966 7913
40455 60602
3205 58345
37015 95380
78578 30725
53661 44037
40606 59729
77300 76294
48147 96542
60797 83523
58117 46233
34985 26484
40525 67231
56522 16682
50977 4280
19939 66062
30322 23602
32789 79811
33046 22281
30707 2153
51250 45591
61314 37956
54956 69970
47467 14289
50108 93673
27479 30511
45032 85071
42460 85685
70299 21147
78083 9141
