4800 8300 547
1612 1137
257 4583
461 4049
3108 4394
1003 1208
2042 7519
3220 4753
192 3888
3020 5933
1904 5479
3217 120
1538 1282
2466 1638
3428 102
604 610
3268 5641
408 4114
2874 5056
1334 5390
2822 1376
3331 4618
874 2726
1516 8093
2308 4541
2591 7668
3182 1729
506 2484
4251 5635
1563 1255
601 1360
3221 849
1280 3349
770 54
3415 1944
3394 89
853 3371
4362 2771
2704 7971
2103 3531
4430 5955
4467 6177
1637 2795
2623 8136
307 5998
2135 7918
3196 5679
2543 214
1326 1818
4604 8233
764 720
3632 3469
3933 3395
1176 2017
348 5090
3458 2538
2307 7663
795 4383
4796 4615
30 3980
4100 63
3432 3970
2708 7447
1261 6932
2091 335
2250 5763
912 3644
394 1473
1043 5226
4655 5705
2874 2055
2402 375
3963 6256
4189 579
1700 3073
590 160
313 3980
2854 1071
4430 7224
4674 6198
3390 4941
3909 3277
1551 5869
286 1374
2934 1905
4378 162
4523 7414
539 1743
4404 7634
4654 5251
3856 1494
4429 2102
2427 4843
126 1583
1197 5131
4541 5208
3266 3443
2382 1899
1287 2742
2578 7474
1258 4560
2687 8256
2471 5618
4558 4139
4363 3706
3694 5025
1295 6699
4532 378
4228 2012
2438 5654
2283 1722
1615 7685
4269 1238
3639 2275
2900 1610
1039 7006
3399 655
1228 526
3509 7379
4472 7554
1301 5647
398 6766
1102 3949
3272 4626
4121 3121
1927 7898
2808 8076
2434 6023
3364 547
1785 7039
2195 5978
4409 7525
2400 7726
4191 1141
4764 7767
2787 1783
3020 3285
2005 2140
4795 2644
2522 6630
4737 3332
1547 1499
2422 995
204 3958
934 1683
891 2877
3968 805
432 4915
4118 1631
2891 4122
4433 1726
1798 499
2661 2122
4087 7946
4527 2851
1716 8247
3372 2600
1618 5667
3293 3011
2146 2309
3002 1857
2255 3077
173 2915
750 1684
3680 1441
462 516
398 4636
4042 854
4721 5848
3429 1394
459 2109
3098 80
2473 1369
3186 2266
4092 512
4734 996
2392 752
1627 4579
1274 829
2067 6030
1108 158
41 1590
1012 6867
3469 2530
1204 1374
2317 2317
2234 7979
4548 296
3208 1711
1620 6975
573 5891
4169 7
3295 2696
2125 1772
4100 4342
1480 3294
2436 1048
1791 4213
1241 3618
1697 5360
2275 6644
864 6577
4617 94
321 27
1225 6708
2572 5565
2557 2058
1218 926
3069 3182
3857 2018
500 4373
4548 2206
2849 6931
4480 26
627 4363
3438 1604
3461 1505
1859 3330
3367 5767
3624 7292
3882 2327
4553 341
3817 6603
4145 1303
2182 231
4458 8011
2800 6857
2204 3817
1199 5070
4698 4554
367 5854
4365 6530
2817 1779
457 5252
2644 557
4050 6264
4713 3966
4221 3164
4573 1361
4434 3382
1497 5469
1826 4594
2825 3821
4222 7101
2606 2900
3615 6327
1770 2138
1491 7808
4328 1372
3291 7885
2437 1560
2198 1952
4685 5182
4195 5924
2192 1758
1394 2763
1772 677
1465 1846
4010 3543
3928 6122
3502 3354
2877 1908
2549 1906
1177 4967
1234 440
3572 1464
2635 6148
765 4197
2174 7869
183 4676
4636 7723
3591 1688
735 5813
2868 340
3186 4085
3049 4265
2551 4900
846 4681
4074 212
1463 4826
779 1340
1759 7034
2096 7525
660 631
2888 2643
220 5494
2790 4307
944 6778
1901 4983
3006 250
1829 6901
895 4571
673 6743
4238 1987
4775 5713
1118 1156
4628 3774
1706 7358
4573 1202
1583 3003
4261 6018
1847 2194
1466 5411
461 3956
4732 5401
3887 7692
3719 5613
3846 775
2044 7974
175 1300
215 5552
1639 7739
2993 2919
3438 2730
1454 543
503 73
4488 5315
3168 2896
3692 927
2255 2209
3269 2321
4695 2267
1876 4915
1649 1694
3266 1773
647 7167
3646 3322
966 6601
7 1031
101 3733
3604 191
546 5566
189 8087
3847 3203
4446 2444
2513 3584
1643 890
1316 3521
4318 5004
448 4003
1508 2906
1579 6199
153 2362
1137 7073
3591 4602
4617 933
2861 1237
1801 1000
1989 4117
3766 6406
3962 122
2108 1774
4606 4574
714 1384
2011 2076
2902 1953
1886 3442
446 3419
4211 6673
4745 1846
698 4565
523 762
2811 8252
3845 3300
4684 1560
2338 498
854 4856
3163 2277
1933 2307
1138 5011
151 6277
1959 3009
1376 5411
2130 842
3460 7023
2443 1352
2772 8016
646 7236
4425 6598
4626 4005
340 3988
263 7473
3667 1995
2008 4789
4241 5498
585 5651
1305 3893
1708 7781
1737 799
1302 8292
2063 4711
816 5934
2549 6054
517 6158
3800 1671
2710 1583
537 4615
1383 7664
2769 8076
117 5751
852 5516
2527 26
2036 2159
4572 5786
1217 3147
1330 4996
362 5210
3603 4816
3634 4157
4161 5061
2565 1572
1637 2720
2494 7518
252 2914
3843 5042
2622 6169
1307 4745
3643 2638
1390 2088
4027 4100
141 487
1030 5190
1438 7728
3215 2619
4678 4790
1360 4845
1769 317
3285 2557
2213 2263
4727 5803
3633 7209
3268 1022
3497 3919
3932 5302
2383 5859
1412 5439
2017 7533
2939 2287
3234 1729
3571 7481
2357 6518
1855 5619
764 2882
1717 585
2276 74
3255 6937
4715 5228
1922 4541
2715 3617
2803 2409
1922 518
2821 3510
3777 7776
4250 6534
732 1100
3112 6075
4137 3902
2105 6804
1773 3475
2074 2005
1263 492
3362 1820
132 684
870 233
3914 4370
720 7759
2231 3947
264 3254
3357 1202
1727 3742
668 4983
4252 5808
2793 5006
3681 6906
693 3908
1124 5849
3555 7752
4082 6112
2752 6361
1864 584
3989 3125
1731 5554
148 1654
3704 5718
1794 1169
1456 2655
1146 4239
2531 6548
4264 2940
4479 810
2749 2939
4549 4312
3400 7253
64 5860
1115 7824
919 5625
3239 2850
2241 4156
2821 6786
401 181
198 383
569 284
2818 6506
2611 2523
3886 2981
2543 4985
310 2997
502 5727
4353 6066
1024 3524
2464 5816
3897 8064
2025 5392
1878 4585
3650 4495
975 6785
1182 8027
2385 5715
3909 3051
2540 2439
4361 5313
883 2028
2522 5922
2107 3084
3618 3142
3250 1960
1477 2470
2954 6865
1092 8291
4025 29
2585 2175
4660 3228
826 3368
2950 2566
555 7972
2482 388
501 2207
2276 3177
3070 2596
375 8103
2619 5480
2296 6047
2402 5416
233 2546
2216 7813
3198 5888
4614 3794
3288 427
