21800 18300 699
7101 479
699 17412
13824 17920
12169 16120
21315 4501
5795 10936
19483 12155
3517 11085
8258 6238
10441 15054
13787 7586
17084 4008
10300 2443
17992 3754
16552 8773
1309 2583
9516 2081
18019 11909
10202 14939
390 14621
193 6951
19513 3818
1451 8917
3961 12678
20669 11176
4065 17757
12540 6930
2342 10978
18542 6161
12653 13012
2882 8973
15746 17212
4213 8337
20042 5260
18078 16940
9937 20
7680 15002
7007 6339
12832 14045
9261 1954
17015 14855
15033 16778
19453 11792
12827 4208
3560 5204
15508 12100
12651 11542
19107 14733
17100 7325
2491 15338
4134 7803
17560 2712
14067 16677
2676 4906
10586 3395
14030 15780
15977 15651
11762 5723
7626 4430
18391 7864
16137 12146
5700 9148
16993 11519
4852 15176
13027 4127
9998 2260
8474 4736
1999 12151
20517 12058
6326 6991
19889 9432
8033 1397
10617 6814
7356 3292
12148 12454
14466 1294
2377 12334
18858 2714
8414 14671
6056 9276
3266 2492
18164 17500
7631 13919
3120 16833
14550 1433
16225 7847
21697 18193
6592 3344
4499 3228
5548 4759
5912 5153
5160 13921
3620 16075
20519 7766
2753 12720
14784 11393
20147 14669
13294 4877
6210 6390
12799 7197
3417 15133
7173 11391
14199 11025
8144 15000
14686 6261
434 5875
11496 16933
9487 4009
4492 14903
5804 15583
18449 6873
6072 6258
18330 16852
7400 6696
15681 4346
17706 17300
10209 5708
6352 3584
4435 16354
13047 3326
16094 13997
7331 10625
3620 7555
11001 16432
6102 1958
13494 15249
1584 3081
700 6834
12171 986
7651 4024
16856 16735
4180 18003
15916 4567
6839 2069
4391 5977
17709 6097
16091 862
5646 12126
18332 6470
8228 9583
21203 11426
12991 1340
16244 4697
18791 2828
3610 12291
13703 15562
15133 5931
16581 7834
5747 17357
9125 9217
21782 8844
21078 1
7704 11601
13378 9396
12580 15459
6216 10020
75 2813
18534 16851
5886 2793
4833 11799
6789 13274
18564 14217
1878 3886
9362 15714
20469 10366
19651 7637
1166 11608
17616 15719
19722 18105
8129 4563
19715 16421
18398 579
11371 7465
8923 6307
6357 15751
20611 13774
1719 805
14485 15947
12827 5232
3448 5007
20835 8047
8674 4568
19132 524
8837 1130
2442 4257
471 16513
1096 18163
6424 4428
7628 1182
19911 13364
5052 17219
10181 6360
1234 9154
16528 16637
10356 4432
2149 6144
9335 13439
11993 12680
1823 14267
19791 3114
3879 10361
16233 10846
11128 2239
14518 11465
2739 3950
4801 4350
15720 1414
8896 4211
19166 8195
18833 4727
8499 15308
8395 5721
4240 9215
10356 5455
8035 18133
13099 10206
10662 819
16098 9960
8181 4659
11321 6575
1709 10537
12168 12369
17701 15896
11261 12474
10342 13179
13807 14764
3932 6411
10588 10183
19653 14984
12512 7459
21495 4534
21402 8587
6141 15397
4592 3712
15367 7204
20486 7801
7125 15749
11422 10567
15095 955
17759 16329
2600 13969
13340 5018
2853 17454
12989 17473
18655 15580
3246 7369
17763 10802
16759 1967
9654 5134
19167 6432
6359 13341
6518 17821
20342 780
7254 6815
1244 16709
5131 10130
108 9408
6925 6934
9108 977
5919 12547
11506 6333
13635 5518
13983 15329
4462 9709
12496 2647
7440 15751
7914 4809
14801 977
4147 9763
15238 11061
16273 3963
4282 623
18708 6041
18033 13502
8249 16675
4482 13884
154 16107
17370 8623
12181 2447
20739 10420
21438 8018
16223 7663
16217 8109
10915 11707
21751 14909
9726 13404
18642 18062
11613 8477
3350 14077
3577 6027
19199 9310
13454 11569
4038 11939
5059 7182
13765 1852
2909 2516
5604 9303
19698 11992
18363 3817
2826 15951
3881 17222
21544 18038
3675 17098
5677 681
16108 10802
20764 2634
4096 4880
9078 6924
16471 15329
2487 8720
6429 17019
20598 1460
18420 8606
12271 18059
21206 5923
9170 7153
15529 15313
17383 13960
11699 6122
2332 14489
2615 14804
7723 4126
12854 2610
16057 1387
1768 477
5651 7062
20551 398
17071 16889
13565 1071
3605 310
10005 4847
14049 7099
15655 17087
5935 9770
18482 15034
6844 3217
10234 5169
14207 1410
15650 9015
14136 11482
21676 2965
5754 14811
13902 12044
9430 13780
11185 7856
15312 8458
4617 10903
13900 4490
3570 8616
20899 3725
9715 17216
13938 5023
15011 1362
10867 17072
7658 16194
10455 2182
241 8358
4028 16071
11385 2288
9221 6570
11467 7397
9645 4277
8483 9103
15940 14802
13840 10659
21121 64
7784 9397
14301 17961
9611 9492
16010 17998
15363 9773
3965 2328
7514 16575
18071 6638
15241 17999
5942 8394
18338 18107
364 14932
17574 2259
17851 1525
5370 17275
4420 10460
16928 13647
11053 2166
2819 6839
12103 5503
14827 11802
21799 3289
8118 16803
8670 9082
10899 5151
3287 9872
4610 18069
19435 8301
17604 6267
14580 1418
13203 11148
13419 11746
17962 3368
20946 16575
14667 5445
2667 12857
7107 14447
17252 351
13112 7312
19132 15161
6464 8364
15690 14650
4944 7709
11350 4881
7657 4086
15502 16663
16995 6428
20076 12916
19337 10793
1121 1351
21245 2317
1652 12909
20840 4009
1855 8106
2109 13312
372 10334
14230 13208
3742 14455
18525 14039
21597 14905
21601 15904
2415 6743
1755 12639
20315 12445
16980 2853
10735 12219
11192 12161
4884 7413
8172 7902
3560 3220
18716 5386
20820 4951
10196 10099
10164 13395
6945 154
18883 7798
11275 3029
14093 14925
8609 11802
2093 15823
10306 8066
3623 469
7311 5883
1318 14054
18414 18141
16126 1037
18849 5527
7504 3390
17701 15929
17421 15354
19644 17331
15602 4443
5398 17804
1085 10897
13141 3759
10122 11585
2420 8721
13791 16265
17363 4086
5423 9098
4245 6169
19935 10842
205 6895
10719 1947
3786 15283
16508 13044
4380 892
21156 17354
4124 8296
6194 9093
2862 336
852 5395
4834 13967
1474 172
13044 438
10532 3801
1394 16228
5975 7496
7055 749
7962 3780
13868 17684
3231 8133
19434 6653
11052 6571
17984 166
20846 4334
402 4752
20326 3363
324 8761
20667 11661
13716 6919
17939 12877
20388 7902
6349 8639
942 2307
10964 9246
2233 2032
2492 13883
13248 13420
896 912
152 11808
19476 5420
18947 17590
17040 1511
17495 7562
10388 14052
10363 13058
10304 10409
5291 9673
7278 711
18543 5454
18399 10886
3332 17276
18770 5348
102 11413
7538 8480
6191 11570
18648 7636
17858 16632
2458 13098
1771 17017
18546 12765
20554 7933
14015 12871
4570 15818
15682 15339
15591 17140
20240 9459
21159 10130
3221 5958
5914 2196
5355 6523
9762 10572
10449 1534
10838 13688
10532 12677
69 866
12026 1482
20252 15136
4275 891
13032 2395
21739 8691
11962 6970
1309 12383
11357 3933
13310 11086
1210 339
16535 13621
2107 17190
5717 3769
20939 17320
13872 15962
10047 14993
7318 15402
13723 16878
12696 6604
12723 17421
6488 15335
19286 15199
11100 9494
7368 18002
20087 2483
12132 1583
3172 17391
8306 15237
6931 1426
7087 1719
4767 3980
3679 14533
7795 15698
19583 11718
17862 12026
9715 8017
18187 16135
19343 2665
12002 9493
610 1322
18523 9287
11536 3183
5010 16631
11652 65
7112 146
7179 5412
9658 17993
7521 14611
9467 2303
11222 4205
11577 15596
6179 7217
9702 15257
20642 15607
14428 4774
9769 1255
15424 11209
16918 13671
721 4773
14682 461
7010 5910
14713 3928
21348 16192
15871 1174
10673 3901
13329 16509
1325 2468
9354 16287
5232 10030
8384 10024
18969 6462
6121 5367
10122 11388
16601 4011
19017 12206
14131 15899
11807 6477
15219 8893
1877 16768
11571 7346
3326 2885
8265 7430
12441 8676
9468 10886
5843 8392
398 17823
6012 7901
13212 9714
5595 15614
5801 16104
19669 6865
16178 11372
19868 13988
2004 3760
14917 1628
12546 8445
13978 14064
5850 4504
15286 4156
13802 13948
3588 17030
12395 12191
20154 12155
11184 18190
11996 1639
18507 3628
10069 11499
17366 4384
12188 9931
10071 2065
20757 2087
18997 15668
13988 5054
9030 10888
9078 1066
3276 14527
15605 7246
14153 11128
560 2580
11709 10900
7318 1912
11241 4280
20273 1549
5724 2692
18127 1870
4959 10508
8095 14811
13755 1627
5343 17233
13561 4996
9546 12387
9926 2841
19552 9710
9158 4788
14659 2074
12739 8705
17705 4304
15212 17050
15152 3649
1200 16345
445 9176
18170 7054
4688 5616
9349 5740
20432 17374
14382 3796
20184 5486
12545 17073
19081 15248
21264 4685
9858 3895
12638 14292
14145 10355
1497 8752
3353 7146
7048 6808
