500 600 122
263 278
145 200
199 148
441 598
118 303
278 462
159 136
362 33
390 357
132 85
74 121
238 16
275 574
19 517
90 460
162 162
69 174
215 599
69 442
16 339
156 488
397 394
119 312
325 401
390 78
335 544
136 556
387 562
376 89
440 100
70 247
228 532
270 521
139 92
400 130
191 551
14 457
96 434
49 232
490 144
123 97
499 76
8 53
454 439
317 336
84 129
87 63
118 583
238 19
342 562
376 245
437 119
239 351
325 236
137 310
336 242
432 129
95 93
436 530
219 149
256 184
133 286
267 37
273 357
174 259
109 349
373 579
90 434
225 86
252 356
258 176
144 5
197 152
421 4
230 564
23 399
444 316
500 548
376 140
442 407
24 472
229 217
346 48
32 117
424 257
348 210
315 577
163 427
86 283
182 338
480 539
197 335
368 280
353 500
64 417
247 145
469 573
279 506
31 70
234 89
296 345
246 106
208 157
266 267
4 106
241 15
312 5
342 38
269 87
411 332
430 117
82 512
139 19
400 69
221 323
144 286
278 259
186 225
89 21
83 281
380 230
413 95
