34800 56300 771
135 40509
10465 13970
32253 4120
30930 10705
19474 50259
1147 41294
6509 21075
33391 55628
6733 15003
34013 33465
9641 46404
33797 8483
31826 41224
5280 47363
3925 26672
7190 30680
10112 5276
10320 5826
4095 23029
21074 33095
16883 52426
29845 8444
34284 40125
19114 2951
24337 11074
9963 48896
13082 4236
1597 24526
10312 12727
28685 10422
12068 4467
30186 843
28073 23091
27973 24185
18513 39337
3027 18602
25929 11297
28439 40555
9643 28303
6709 47180
24075 31043
24479 50034
4929 27516
17462 23592
18941 987
8032 8917
24514 46414
5627 27129
9833 46949
25577 10684
25913 20531
19040 38769
27766 2968
33834 37188
14412 48170
31821 417
28120 19963
24896 26105
2975 3383
16086 16195
4534 46704
29858 29476
9072 43869
2632 25056
27665 21994
34240 28327
16550 16980
23183 10159
23920 43821
887 47395
28041 6484
27198 6294
21063 45789
1819 38106
626 27683
17819 33187
19304 42503
20793 23570
34420 13473
24154 15657
32287 48021
6054 54703
20537 28400
14469 53442
24037 49212
4899 29769
10617 20435
33326 48492
9858 42886
25080 40114
28884 2184
5046 10672
5283 32469
32161 47230
21674 45429
7057 15033
1221 11773
28716 13798
19683 22696
8376 35622
16759 47893
15076 2094
20827 49758
33973 10987
19792 31948
22473 219
25188 44452
5891 38934
30847 48039
27491 18193
18750 9061
32194 25174
5323 46385
19838 6644
32723 21211
22253 18094
2339 4404
4701 36129
24167 25207
19373 52108
22200 11332
33919 2771
18137 56293
22941 15297
30714 53905
3571 54909
24061 49199
33015 41128
34115 42426
12511 54875
28877 19873
14576 40041
9454 6262
13627 2458
23918 56156
29195 29570
22760 9487
3076 39520
18639 25794
29759 46624
12830 47327
7548 52201
23870 37540
28829 48656
1707 51769
6428 8731
19886 42516
9116 14069
8000 18510
28810 26130
34298 34641
6612 19789
14403 46579
7125 51662
2707 23232
21257 45683
21717 32014
12968 55002
28778 4026
12601 22890
8312 29646
13597 47703
30348 47938
2905 25429
52 52474
23695 37984
16957 25790
1418 42562
5661 18452
10031 15675
8184 41464
4239 5019
27806 43221
31005 15698
17641 15291
12066 51184
8012 1927
27459 772
3186 48823
2031 19862
20696 4136
18001 50924
14280 39371
15083 6396
3903 35766
10676 25434
6431 15865
23107 54897
31967 21438
13703 50634
21430 21092
18954 43011
1225 55752
7180 28789
2700 40935
5714 37275
29145 29200
3210 52163
622 12076
12714 44299
33163 10893
17658 51829
33448 40626
4828 2859
21983 19974
10930 19739
15756 32408
26601 11117
4598 16619
27255 54123
14100 55398
2584 30204
7372 56284
23669 15781
16979 48162
31224 5112
9480 33450
90 35619
4690 29844
10924 11189
3343 37450
32826 1132
27888 14927
26215 8922
10048 19296
1165 14284
30147 46832
21706 43730
16098 18837
14480 9352
19741 2021
1126 30762
15779 51404
2691 7374
16135 55608
418 41568
32392 8727
17438 25093
22481 22958
24645 17338
25458 48419
33196 46432
25850 46176
8442 15640
14768 101
9568 14719
31066 22699
8817 53332
21173 53188
3451 48195
23415 23771
22725 17382
8023 44465
14350 26007
14945 25881
18322 5956
22064 25272
16873 51205
8640 40257
23446 7466
22403 17090
22224 53452
14072 49866
10283 54178
12901 39666
19054 33511
20380 15761
26664 52214
31763 28600
12050 44206
18465 10679
654 23333
5480 40040
29703 4466
3035 14929
9797 53858
29769 37080
14352 6558
23825 5392
29412 30028
21820 5476
30611 8204
17465 35484
21317 10946
16817 34411
15564 52491
29232 5277
9704 43888
8766 25161
22297 53887
1575 15628
32743 50832
357 21737
19500 6806
32984 14714
25315 7994
30322 17645
4912 17736
13039 15062
12894 36187
27319 429
11331 16309
5340 50566
14977 33492
11033 23743
18233 15781
8801 51913
5181 11556
12609 53587
20553 2061
29479 6565
28011 26297
18513 31179
15219 42061
11442 45133
14834 27629
17243 36958
15222 20253
9106 27356
5948 39714
8406 50522
31918 34212
13329 3498
27403 17043
15088 32462
23653 47908
32645 17698
5044 3915
12769 13848
4813 47931
22729 52185
2309 22594
18236 48969
13764 34720
32949 32724
29626 6701
18783 35628
16745 16919
24884 36646
575 54625
29782 24090
7653 17481
7778 51905
34452 14654
30265 21426
14151 54895
30942 32171
17222 50568
10057 30663
20544 23295
25411 5749
20777 23560
20053 47643
24602 16808
8956 52444
34794 9995
6224 13046
1367 52722
34014 15410
34276 35667
30814 26510
7320 25154
13673 23384
430 25126
20709 28336
17425 40469
16461 29937
31613 6414
8898 53153
1060 19246
12124 46523
6985 25016
9131 7428
1210 389
2032 29859
9620 30111
571 21292
2116 45055
10396 23137
9217 24782
1068 33461
33536 8153
30435 15282
3964 43643
11403 30489
26709 3681
9419 28200
13270 40538
27598 6305
33648 34799
31424 53067
34086 20624
346 16956
16102 24160
13169 44356
29346 9502
15193 16291
32564 39273
20100 20101
145 17849
25251 39904
34186 48800
30365 8162
9524 14728
2395 37087
5384 54086
11147 16229
11797 30580
31485 51213
1706 53454
24597 33107
7775 17448
20815 22573
20313 21518
17748 54257
12864 49904
4536 26961
9424 17805
26937 3328
30330 53389
9069 29029
604 3938
8672 37892
33486 4458
13976 32792
28068 24212
30176 8808
6060 3271
19297 44803
988 11050
34197 12228
11595 5999
22179 21945
29198 54675
2848 9926
6917 15488
2839 31616
19631 44431
33007 18258
23730 28825
21881 22328
8026 9176
3264 31120
17817 6326
31568 11322
32397 45880
5058 55312
9235 35572
18240 18283
9041 34901
30324 20244
7636 38423
18644 16237
32486 33201
27078 6126
31275 21127
32137 45311
32058 27137
31597 23016
6756 7302
13307 32993
11573 39336
14740 101
22604 23055
3106 26368
8686 42004
12647 47501
31600 25349
29166 47662
9786 23964
7334 34780
24645 15653
2382 14046
23443 20386
17513 15249
28135 46686
18087 31752
29886 54770
19748 37332
26162 30604
30472 18883
8929 49494
24004 21556
27512 55063
15111 46811
26185 20959
10098 45258
33311 26605
34204 27826
31993 45836
33410 41666
25729 25943
1158 51025
33823 33695
24210 12442
8951 2391
10577 7927
26191 50484
30668 42646
15465 12981
12445 42939
12461 40783
5579 4043
9149 14679
1873 51629
14088 13199
28063 10790
10291 39153
24345 28434
10272 49388
13039 575
2816 54402
32615 41172
3063 39651
7815 46465
19608 52838
33447 26902
16839 13473
559 21372
12957 55190
23171 24917
11799 16489
31067 56197
12160 21050
7019 43032
26014 31793
16978 2323
19452 31246
8079 12844
33757 11827
26334 51741
14278 54953
1753 54990
13808 12248
27968 24397
19109 19157
22617 48380
20181 46148
20863 2136
13329 6517
30001 46531
5756 17577
18611 6514
5319 33449
442 49153
17520 44000
434 37496
980 26037
12279 33927
15410 15520
30350 52988
1605 3975
5096 47864
24465 27133
8708 30889
32211 5729
2942 17271
7862 6026
19872 1386
25637 38349
16107 31649
29838 24343
23916 32615
32978 42502
16363 44404
27741 40612
12062 4745
21513 54752
8467 54913
20533 37642
16826 47597
19121 6901
21342 29208
23731 14062
1310 13402
33078 16091
8998 1298
31460 29307
25226 9556
15632 47031
34708 31667
22607 15496
33012 3273
25933 4588
34704 19774
19863 4095
18694 50899
33773 2219
30657 45491
29617 3458
34624 22047
7302 38488
27477 52408
13711 24561
17810 50655
28238 18530
31583 22357
11873 39144
33588 23967
16377 48993
3932 13045
19389 2861
985 55927
11490 32405
1151 23339
15618 23639
21860 29530
12085 24439
34798 46094
31142 47467
12864 48205
27187 38503
5573 37005
24283 38307
30833 35036
30483 29268
15005 7277
25143 51132
24651 50601
34044 17000
22808 49621
9642 17111
2511 35991
13247 39775
10944 25702
2394 21501
9156 45682
14164 288
6745 13426
17586 22977
24674 28662
10143 24294
21873 23027
10466 36541
34613 48347
14782 39153
22824 18975
17187 14444
25290 49508
6658 558
9242 1977
12689 24197
9814 46060
16156 43477
12971 10442
7511 45662
30418 6519
29943 55301
1785 8002
15892 38497
9077 47761
34755 54359
30265 41952
10132 23703
30987 24387
10998 54775
17811 29050
9673 32280
28588 50944
24566 37430
6810 3456
22894 52708
17171 32039
33847 9505
10762 45916
8046 38093
8370 41019
29312 5468
12723 17136
28838 7490
12262 26016
15902 29233
33796 25413
15023 21930
7369 8869
15669 14254
13104 54134
16321 36864
12364 14692
30068 18929
18927 28021
28167 9723
16078 42619
13764 48770
11539 36254
27833 24177
29553 43937
8024 37736
3508 18648
6533 1624
2688 22873
12870 45353
1343 55942
10429 34082
11453 4531
5765 50919
18771 20375
23447 48704
25653 41489
27028 19518
7635 23626
5003 48128
11222 45101
28261 24425
23544 42962
9152 44061
19013 9465
6950 21165
30196 40553
18492 2041
18430 16515
20727 14345
13293 20897
14951 28089
23521 45607
24727 41954
8032 14705
18684 20003
6014 22998
24885 48618
26939 25868
13907 43024
28935 26312
2593 53655
8787 3452
22550 12907
24293 50714
31178 53626
19802 37826
13332 8398
8904 51245
31535 16368
22958 26216
14298 3816
1502 48981
24084 33669
12850 8545
10424 56242
8496 23496
5056 2990
19694 44464
5401 14206
1333 47067
29181 28321
33010 48839
25174 45372
12862 20809
31750 9201
17155 50135
5194 24761
4768 24218
4268 41132
16617 21814
3177 45634
12251 22420
32677 22044
6677 53393
26321 14677
982 38229
30636 33813
12531 4003
24781 9042
7781 48162
19295 53792
22925 17154
4892 2676
33206 38016
31232 16900
33970 24653
34657 50287
34258 18445
